"species","x","y","bio_3","bio_7","bio_8","bio_9","bio_14","bio_15","bio_18","elev"
"species",1,1,41.3854789733887,32.5999984741211,21.8500003814697,13.533332824707,121,8.21578884124756,442,670
"species",2,2,38.1400985717773,34.5,12.6666669845581,19.0166664123535,79,11.492862701416,325,309
"species",3,3,38.7195129394531,32.7999992370605,25.1499996185303,11.3666658401489,76,18.0256366729736,373,144
"species",4,4,39.6637001037598,33.7000007629395,13.6499996185303,9.75,94,8.69205379486084,328,386
"species",5,5,37.4751968383789,33.5999984741211,19.4833335876465,17.7333335876465,86,12.0405178070068,350,647
"species",6,6,39.1304359436035,32.2000007629395,10.8333330154419,7.19999980926514,89,10.8304052352905,348,890
"species",7,7,37.7481727600098,31.8999996185303,7.63333320617676,16.283332824707,87,17.3104496002197,318,258
"species",8,8,40.6281661987305,32.9000015258789,7.09999990463257,15.5500001907349,112,10.1934032440186,374,322
"species",9,9,38.3838386535645,29.7000007629395,3.01666665077209,15.7333335876465,154,9.59949016571045,501,1234
"species",10,10,35.5863189697266,30.7000007629395,8.91666698455811,0.333333283662796,92,10.5110206604004,355,1228
"species",11,11,40.46875,32,6.36666679382324,14.7666664123535,120,8.16460227966309,422,491
"species",12,12,38.1400985717773,34.5,12.6666669845581,19.0166664123535,79,11.420373916626,324,307
"species",13,13,40.5905914306641,33.2999992370605,5.86666679382324,14.8500003814697,82,15.4144105911255,365,364
"species",14,14,39.0689277648926,32.4000015258789,24.8166675567627,11.9499998092651,73,22.8653430938721,404,23
"species",15,15,39.5128211975098,32.5,8.71666717529297,17.0499992370605,81,16.4057388305664,310,192
"species",16,16,42.430965423584,33.7999992370605,26.1333332061768,17.5833339691162,70,17.9469146728516,346,121
"species",17,17,35.8362770080566,28.2999992370605,8.46666622161865,0.700000047683716,119,9.19887447357178,422,1477
"species",18,18,40.2820510864258,32.5,7.53333330154419,15.9499998092651,109,11.5617828369141,360,248
"species",19,19,38.1794853210449,32.5,6.88333320617676,10.3500003814697,82,10.8747262954712,327,325
"species",20,20,41.377498626709,31.6999988555908,5.31666660308838,18.1499996185303,132,8.79078483581543,443,689
"species",21,21,38.3945388793945,35.4000015258789,20.0833339691162,18.2999992370605,76,15.8837261199951,334,378
"species",22,22,40.1869163513184,32.0999984741211,10.9499998092651,20.5666675567627,82,18.4033679962158,336,339
"species",23,23,34.3892669677734,29.2000007629395,8.19999980926514,0.116666674613953,94,10.7277860641479,370,1384
"species",24,24,36.484375,32,24.6166667938232,11.1999998092651,74,18.225378036499,380,28
"species",25,25,36.717170715332,33,17.4833335876465,-0.183333322405815,78,11.0796585083008,294,919
"species",26,26,38.712776184082,34.7000007629395,22.6166667938232,15.2333335876465,73,14.0507984161377,321,317
"species",27,27,38.5874900817871,34.0999984741211,14.5333337783813,20.3166675567627,88,17.963695526123,322,275
"species",28,28,39.4354858398438,31,9.96666622161865,6.95000028610229,97,10.4850778579712,365,1007
"species",29,29,38.5479049682617,33.4000015258789,20.75,4.79999971389771,90,9.8449649810791,327,493
"species",30,30,34.2385520935059,31.3000011444092,16.1499996185303,-0.966666638851166,82,10.4360151290894,303,1202
"species",31,31,37.7142868041992,35,21.6333332061768,3.16666650772095,80,12.7583961486816,301,128
"species",32,32,33.1916885375977,35.2999992370605,22.5166664123535,2.78333330154419,69,11.4287366867065,281,8
"species",33,33,40.3374252319336,32.5999984741211,6.85000038146973,15.3333330154419,114,9.16221904754639,391,376
"species",34,34,38.8172035217285,31,10.9666662216187,7.46666669845581,104,9.92319679260254,379,1029
"species",35,35,39.7398834228516,34.5999984741211,21.3833332061768,14.3666667938232,73,14.0162858963013,327,355
"species",36,36,37.5,32.2000007629395,19.966667175293,3.09999990463257,89,10.2033863067627,336,640
"species",37,37,38.2485847473145,29.5,3.19999980926514,15.7999992370605,156,9.50559043884277,504,1250
"species",38,38,41.04638671875,30.8999996185303,4.03333330154419,16.783332824707,131,10.0421686172485,456,980
"species",39,39,37.513484954834,30.8999996185303,6.34999990463257,19.4333324432373,96,15.7756853103638,353,582
"species",40,40,42.2600593566895,32.2999992370605,18.7999992370605,12.8333330154419,86,14.0205812454224,405,810
"species",41,41,41.0135841369629,31.9000015258789,25.7666664123535,12.8166666030884,69,23.2616653442383,390,65
"species",42,42,40.1647300720215,34.3999977111816,21.3666667938232,5.36666679382324,89,9.71207046508789,334,358
"species",43,43,37.0833320617676,30,16.6833324432373,6.48333311080933,94,11.031925201416,374,1280
"species",44,44,37.7420997619629,32.7000007629395,20.4833335876465,4.88333320617676,89,10.572772026062,337,532
"species",45,45,38.3597869873047,31.5,5.58333349227905,18.9333324432373,101,14.197624206543,372,653
"species",46,46,40.2957000732422,31,25.0833320617676,12.9333333969116,71,32.0980834960938,488,17
"species",47,47,39.8118286132812,31,4.23333311080933,17.1333332061768,120,11.2204723358154,426,945
"species",48,48,38.1056213378906,34.3999977111816,12.6333332061768,18.9833335876465,79,11.4718637466431,325,313
"species",49,49,35.0157737731934,31.7000007629395,16.6333332061768,-0.550000011920929,78,10.8815288543701,295,1121
"species",50,50,40.4451713562012,30.7000007629395,10.1166667938232,15.966667175293,100,11.6012020111084,421,1149
"species",51,51,39.1787414550781,34.5,12.5333337783813,13.8666667938232,82,11.5983648300171,329,368
"species",52,52,40.7208595275879,32.5999984741211,25.966667175293,12.6000003814697,74,19.9702110290527,374,158
"species",53,53,37.8101387023926,30.9000015258789,10.4333333969116,2.06666660308838,91,10.5635938644409,357,1051
"species",54,54,38.2632637023926,33.2999992370605,20.5,4.59999990463257,89,9.95854377746582,328,546
"species",55,55,40.9282722473145,31.6000003814697,6.06666660308838,18.8999996185303,127,10.1238098144531,414,613
"species",56,56,37.9294319152832,35.9000015258789,19.5666675567627,0.583333313465118,58,16.9790325164795,281,366
"species",57,57,39.5895156860352,33.7000007629395,13.6666669845581,9.69999980926514,94,8.62206077575684,328,389
"species",58,58,38.3333320617676,32,24.966667175293,11.8833332061768,73,21.3665752410889,397,13
"species",59,59,39.0336608886719,30.6999988555908,10.7333335876465,7.46666669845581,103,9.9425220489502,378,1053
"species",60,60,38.8808822631836,34.7000007629395,22.5166664123535,15.1833333969116,72,14.2855987548828,319,295
"species",61,61,36.4880981445312,28,8.65000057220459,14.2666664123535,141,9.69138336181641,494,1564
"species",62,62,38.8716354370117,32.2000007629395,18.1499996185303,6.98333311080933,85,11.8819313049316,338,863
"species",63,63,40.2736320495605,33.5,19.8666667938232,2.88333344459534,83,10.9233779907227,322,561
"species",64,64,42.03125,32,18.1999988555908,12.3000001907349,90,12.888237953186,405,904
"species",65,65,38.8067054748535,33.7999992370605,21.6000003814697,5.5,85,11.390209197998,326,259
"species",66,66,38.5190925598145,32.2999992370605,6.06666660308838,19.6333332061768,91,17.4724578857422,333,492
"species",67,67,40.2445106506348,33.4000015258789,20.7666664123535,14.1000003814697,64,14.8806209564209,307,444
"species",68,68,38.7770881652832,32.2999992370605,12.8500003814697,9.01666641235352,99,8.77437400817871,344,560
"species",69,69,36.4066200256348,28.2000007629395,7.68333339691162,13.7333335876465,124,9.87673568725586,466,1595
"species",70,70,40.9743576049805,32.5,19.4333324432373,13.2333335876465,88,13.8460483551025,400,759
"species",71,71,36.1530723571777,33.0999984741211,24,10.6166667938232,78,15.9988250732422,359,14
"species",72,72,36.6134757995605,28.2000007629395,1.86666667461395,14.3333330154419,140,9.71415424346924,494,1545
